+17548408537
+17251977554
+15392602814
+12404160587
+14135813991
+17600624347
+17065185388
+13361806911
+13152463641
+13120306621
+14409607775
+17691599517
+18068106884
+13194958244
+14100745999
+15673869422
+18609490507
+13171204040
+16109163316
+14140032359
+19099909905
+12123108902
+17181196562
+12191332264
+12248507786
+15176050409
+15313325764
+17406993076
+19595844046
+13611316109
+14796154382
+19107776922
+19511560827
+12103039388
+17866016173
+13154501122
+17078893983
+17208685122
+19596781787
+17087132183
+16828873639
+16624791141
+19720236730
+18189460578
+17604098958
+19400090394
+14250250380
+13191821085
+17704259730
+14306944268
+19295415687
+19732233831
+16410375389
+14173197497
+15710819615
+13464280125
+18129525361
+14302206419
+18546038623
+19178270206
+19096622963
+17077410547
+13316968932
+13028323806
+16191924992
+15164353448
+15755190517
+19310210263
+15707973642
+19147832589
+14146428089
+19407108969
+13469631119
+15105809401
+15631711777
+17706773197
+18300567322
+15103401234
+19788960223
+14425172930
+13146662612
+16263367505
+14172436333
+19072261751
+14192283062
+18187677019
+18171832813
+15136205932
+18472178182
+16817995461
+17257920048
+12037733263
+16691520433
+15757422804
+12344569803
+18308638045
+13405176466
+12768282283
+17479880946
+16460623711
+17749861934
+14757039441
+12768422506
+18083083720
+15399841070
+16039950941
+16698623157
+16303892235
+14139150939
+12605696784
